cam1:
  fx: 458.654
  fy: 457.296
  cx: 367.215
  cy: 248.375
  k1: -0.28340811
  k2: 0.07395907
  p1: 0.00019359
  p2: 1.76187114e-05
  width: 752
  height: 480

cam2:
  fx: 457.587
  fy: 456.134
  cx: 379.999
  cy: 255.238
  k1: -0.28368365
  k2: 0.07451284
  p1: -0.00010473
  p2: -3.55590700e-05
  width: 752
  height: 480

cam2_to_cam1:
  tx: -0.11007381
  ty: 0.00039912
  tz: -0.0008537
  qx: -7.04530576e-03
  qy: 1.79854893e-04
  qz: -1.15733025e-03
  qw: 9.99974496e-01