cam1:
  fx: 1058.17447808
  fy: 1058.44701136
  cx: 675.57043796
  cy: 334.66060985
  k1: -3.93966826e-01
  k2: 1.58030999e-01
  p1: 2.69891124e-06
  p2: 5.35534046e-04
  width: 1280
  height: 800

cam2:
  fx: 1053.2183778
  fy: 1053.7504045
  cx: 672.97896171
  cy: 327.64069848
  k1: -3.93725202e-01
  k2: 1.55154001e-01
  p1: -1.66553897e-04
  p2: 1.15598082e-03
  width: 1280
  height: 800

cam2_to_cam1:
  tx: -1.20009935e-01
  ty: -9.80538006e-05
  tz: 8.79552249e-04
  qx: -6.10729631e-05
  qy: 2.21309530e-03
  qz: -2.86677558e-04
  qw: 9.99997508e-01